1
5
13
17
49
61
65
289
349
293
301
337
353
577
593
637
581
641
53
97
101
109
113
385
401
341
389
397
673
689
677
685
145
149
157
161
193
205
209
481
497
433
437
449
493
785
721
725
737
781
197
241
245
257
541
485
529
533
545
829
773
817
821
833
2
9
14
21
50
57
62
290
345
350
297
302
309
338
578
633
638
590
597
69
98
105
117
386
357
393
398
405
674
645
681
686
693
146
153
158
165
194
201
206
441
446
482
434
453
489
494
729
734
722
741
777
782
213
242
249
254
261
537
542
501
530
549
825
830
789
837
6
10
18
682
58
306
346
294
298
678
354
594
634
582
586
630
54
690
102
106
114
402
342
390
150
154
162
210
442
498
438
450
490
730
786
726
738
774
778
198
826
246
250
258
546
538
486
534
3
7
15
51
63
291
351
295
303
339
579
639
583
591
627
55
99
103
111
387
343
391
399
675
631
679
687
22
694
598
646
70
118
406
358
147
159
195
207
447
483
435
495
735
771
723
727
783
243
247
255
543
487
531
535
831
775
819
823
166
838
454
790
214
262
550
4
11
19
23
52
59
67
292
307
347
299
311
340
355
580
595
635
587
599
628
71
100
107
115
119
388
403
359
395
407
676
691
647
683
695
148
155
163
167
196
203
443
484
499
436
451
455
491
731
772
787
724
739
743
779
215
244
251
259
263
539
503
532
547
551
827
791
820
835
839
688
16
680
64
68
308
352
296
692
304
356
596
400
640
584
392
592
644
104
344
112
116
404
152
836
160
164
824
208
212
448
500
440
452
832
548
736
728
740
536
248
488
256
260
544
24
25
73
313
312
361
601
600
649
72
120
121
409
360
408
697
648
29
77
365
701
317
653
605
125
12
60
684
348
300
636
588
396
108
168
169
217
456
457
793
744
745
216
265
504
552
553
792
840
841
173
461
509
749
797
557
156
444
492
732
828
780
252
540
717
33
41
45
705
89
93
329
657
381
713
321
333
377
617
429
669
417
609
665
81
369
129
137
141
425
857
177
185
849
233
237
801
521
465
861
525
569
765
753
561
813
225
513
273
281
573
26
30
38
42
74
78
90
314
330
366
318
326
362
378
602
618
654
606
614
650
666
86
122
126
134
138
410
426
374
414
422
698
714
662
702
710
170
174
182
186
218
234
462
506
522
458
474
510
750
794
810
746
758
762
798
230
266
270
278
282
558
518
554
566
846
806
854
858
27
34
46
75
315
382
322
334
363
603
670
610
622
651
82
123
130
142
370
418
430
699
706
39
711
327
663
87
135
423
375
178
219
238
478
507
459
466
526
766
747
754
814
226
267
274
286
574
514
555
562
862
802
843
850
471
855
759
807
231
279
519
567
31
35
707
79
331
367
323
703
379
619
655
607
611
659
667
83
715
127
131
419
139
427
371
415
175
179
859
187
223
235
523
467
851
475
511
751
755
803
763
799
227
271
283
559
515
563
28
32
40
47
76
80
95
316
368
383
320
328
335
364
604
656
671
608
616
623
652
88
124
128
136
143
412
376
416
424
431
700
664
704
712
719
172
184
220
224
239
464
479
508
460
472
527
752
767
796
748
760
800
815
232
268
272
280
287
575
520
556
568
848
808
844
856
36
44
48
92
96
332
384
324
336
380
620
672
612
624
668
84
132
140
428
420
432
716
660
708
720
180
188
192
240
480
524
468
476
528
768
812
756
764
816
276
284
288
576
516
864
852
860
